4294967279,528
4294967279,156
4294967278,327
4294967278,82
4294967278,80
4294967279,92
4294967279,80
4294967278,170
4294967279,170
4294967278,169
4294967279,169
4294967278,161
4294967278,160
4294967279,154
4294967279,137
4294967278,255
4294967278,252
4294967278,387
4294967278,318
4294967278,71
4294967278,70
4294967278,389
4294967279,356
4294967279,228
4294967279,517
4294967279,112
4294967279,101
4294967279,99
4294967279,86
4294967279,59
4294967279,51
4294967294,170
4294967294,1010
4294967278,427
4294967278,141
4294967278,140
805,6
805,5
4294967278,138
805,4
805,3
805,2
805,1
4294967279,383
4294967279,382
4294967279,355
4294967279,560
4294967279,280
4294967278,323
4294967279,342
4294967279,285
4294967279,284
4294967278,285
4294967279,534
802,7
802,6
802,5
802,4
802,3
802,2
802,1
4294967279,278
4294967278,247
4294967278,384
4294967279,558
4294967279,247
4294967278,246
4294967278,243
4294967279,245
4294967278,260
4294967278,440
4294967278,259
4294967279,221
4294967279,346
4294967278,220
4294967294,454
4294967294,466
4294967294,461
4294967294,165
4294967294,166
4294967279,219
4294967278,137
4294967279,209
798,7
798,6
798,5
798,4
798,3
798,2
798,1
4294967278,241
4294967279,274
4294967279,201
4294967279,283
4294967278,372
4294967279,191
4294967278,189
4294967278,187
4294967279,186
4294967278,183
4294967278,182
4294967278,181
4294967279,299
4294967278,304
4294967279,273
4294967278,177
4294967279,176
794,5
794,4
794,3
794,2
794,1
4294967278,167
4294967278,447
4294967278,444
4294967279,316
4294967278,159
792,5
792,4
4294967278,158
792,3
792,2
792,1
4294967278,442
4294967279,44
4294967279,351
4294967294,182
4294967294,1000
4294967294,190
4294967294,1011
4294967294,1009
4294967278,321
4294967278,407
4294967278,149
4294967279,293
4294967278,329
4294967294,477
4294967279,277
4294967278,270
4294967278,268
4294967279,263
788,6
788,5
788,4
788,3
788,2
788,1
4294967278,328
4294967278,272
785,7
4294967279,300
4294967278,271
4294967279,357
4294967279,241
4294967279,239
785,6
785,5
785,4
785,3
785,2
785,1
4294967279,216
4294967294,437
782,5
782,4
782,3
782,2
782,1
4294967278,409
780,5
780,4
780,3
780,2
780,1
4294967294,120
779,4
779,3
779,2
779,1
4294967294,998
4294967294,420
4294967294,410
4294967294,402
4294967294,456
4294967294,460
4294967279,341
778,6
4294967279,181
778,5
778,4
778,3
778,2
778,1
777,5
777,4
777,3
777,2
777,1
776,5
776,4
776,3
776,2
776,1
4294967279,161
4294967278,251
4294967279,157
775,5
4294967278,154
775,4
775,3
775,2
775,1
4294967278,153
4294967278,354
4294967279,563
4294967278,146
4294967278,145
773,4
4294967294,476
773,3
773,2
773,1
4294967294,1
4294967279,347
4294967278,219
4294967279,539
4294967278,446
4294967278,291
4294967279,268
4294967279,291
4294967279,242
4294967294,475
4294967279,238
4294967279,553
4294967294,89
4294967279,311
4294967294,384
4294967294,415
4294967294,118
4294967294,467
4294967294,397
4294967294,114
4294967279,289
4294967279,25
4294967279,21
4294967279,338
4294967279,287
4294967278,265
4294967278,326
4294967278,264
4294967278,342
4294967278,391
4294967278,356
4294967278,380
4294967278,65
4294967278,433
4294967278,439
4294967278,288
4294967278,445
4294967278,330
4294967278,174
4294967278,88
4294967278,359
4294967278,441
4294967279,111
4294967279,110
4294967279,562
4294967279,107
4294967279,106
4294967279,329
4294967279,98
4294967279,97
4294967279,96
4294967279,95
4294967279,340
4294967279,89
4294967279,87
4294967279,343
4294967279,298
4294967279,318
4294967279,55
4294967279,53
4294967279,41
4294967279,29
4294967279,27
4294967279,20
4294967279,286
4294967279,523
4294967279,513
4294967279,521
4294967279,339
4294967279,550
4294967279,535
4294967279,381
4294967278,341
4294967278,250
4294967279,231
772,6
772,5
772,4
772,3
772,2
772,1
4294967278,437
4294967294,173
4294967294,163
4294967294,997
4294967278,381
4294967278,319
4294967279,215
4294967278,213
4294967278,375
4294967279,203
4294967278,436
4294967279,305
4294967278,198
769,7
769,6
769,5
769,4
769,2
769,1
4294967278,374
4294967279,366
4294967279,380
4294967279,378
4294967278,434
4294967279,190
4294967278,432
4294967279,189
4294967294,7
4294967278,175
4294967278,317
4294967279,374
4294967278,430
765,7
765,6
765,5
765,4
765,2
765,1
4294967279,330
4294967279,337
4294967278,429
4294967278,2
4294967278,155
4294967278,147
4294967278,347
4294967294,8
4294967278,136
4294967279,333
4294967278,309
0,5
4294967278,273
761,5
761,4
761,3
761,2
761,1
4294967278,425
4294967279,308
4294967278,424
4294967278,367
4294967279,315
759,5
759,4
759,2
759,1
4294967279,379
4294967278,248
4294967278,256
4294967279,243
4294967278,362
4294967294,198
4294967278,392
4294967279,237
4294967294,2
4294967279,235
4294967279,233
4294967279,229
4294967279,227
4294967279,104
4294967279,217
4294967294,424
4294967279,93
4294967294,22
4294967279,213
4294967278,423
4294967294,148
4294967294,464
4294967294,448
4294967294,400
4294967294,189
4294967294,169
4294967279,211
4294967279,210
4294967278,209
4294967279,208
4294967279,205
4294967278,207
755,6
4294967279,207
755,5
0,7
4294967278,206
755,4
4294967279,206
755,3
755,2
755,1
4294967279,327
4294967279,375
4294967278,332
4294967279,200
4294967279,199
4294967279,198
4294967279,313
4294967294,128
4294967294,186
4294967278,418
4294967278,191
4294967279,344
4294967278,422
4294967279,188
4294967294,999
752,7
4294967279,174
4294967278,421
4294967279,185
4294967279,281
4294967294,46
4294967279,183
4294967278,292
4294967279,182
4294967278,180
4294967279,180
4294967279,177
752,6
752,5
752,4
752,2
752,1
4294967294,17
4294967294,0
4294967279,555
4294967294,92
4294967294,88
4294967294,85
4294967294,96
4294967294,67
4294967294,83
4294967294,202
4294967278,173
4294967278,419
4294967294,94
4294967294,93
4294967294,95
4294967278,172
4294967294,36
4294967294,41
4294967294,39
4294967294,1417
4294967294,45
4294967294,427
4294967294,52
4294967294,29
4294967294,28
4294967294,1015
4294967294,27
4294967294,205
4294967294,25
4294967278,171
4294967279,171
4294967279,296
4294967279,336
4294967278,166
4294967294,26
4294967294,417
4294967279,165
4294967278,164
4294967278,163
4294967278,162
4294967279,335
4294967279,334
4294967278,157
4294967278,414
4294967294,6
4294967278,156
4294967279,155
749,5
749,4
749,3
749,2
749,1
4294967278,150
4294967278,148
4294967279,146
4294967278,245
747,5
4294967278,144
747,4
747,3
747,2
747,1
746,4
746,3
746,2
746,1
4294967278,135
4294967279,136
4294967279,267
745,6
4294967294,196
4294967294,436
4294967278,134
4294967278,415
4294967278,133
